3366.805720612919 3763.6327904636223
2977.8284392738524 1277.2895008945322
2268.6944571792887 3675.6800626621625
3895.9776826409325 3212.802539871466
1198.0264019099357 247.8282353116956
4830.924051631856 4342.343052017535
1862.0228949651796 503.91288173720517
2809.945494473911 2403.933624856465
2358.248128548347 686.3712966990898
3125.394676055423 1978.9983898263913
1713.5888659015047 1797.3946912757283
1699.3069362030717 791.2951717627342
4137.804529578584 3667.8334347338987
4192.179762251998 2798.868924874098
4317.9052075883965 1126.4639287709094
4301.47828354881 3447.464197922339
4313.901558311841 4198.327911193341
2098.5558125635885 846.3761512001206
1026.6627399739698 1902.8960721193055
113.5900851656907 627.4812080340853
2940.2967168273103 1850.3046608955503
3924.9915911363896 1297.267133422429
1916.3003305786003 4127.831379376463
1282.6439312844418 4742.246238808171
3726.427562613413 3823.874321628378
417.3278475527037 3096.4534149376186
3533.2610440006297 4323.741751349287
578.6384866136345 3256.0298799661623
537.5564635373531 3687.2641924463164
2524.1115542701946 1801.1587919957294
1547.6774803435906 1398.151179492247
3153.861622823272 2021.960703109667
1574.021554110448 946.2340137756626
2820.093514581307 1952.9253214439086
92.65581510996601 1809.3094515933988
2244.362379437258 3950.9232487397617
1077.8175974686328 3379.157031189385
4359.167341110447 2358.896827102905
4878.695453619974 4427.405107845723
821.313226455801 3266.6161353696357
3962.991181333025 1978.5775400586126
806.4756516357891 4720.7077890937035
2369.2810674888974 1557.5515542691203
4761.146362598864 709.2533518301681
3620.830335659744 1727.005858948713
4249.611278974923 3444.283819120636
4666.0628679536485 3500.816402449911
3391.7690181092453 1990.0410394119021
1133.7300771444193 3781.0039163703273
128.12237888575217 4664.022439105216
1139.2427575052811 671.1537764036879
342.66828419760697 1029.6080005852243
336.62851205192857 4303.097421943981
2987.832235548942 4510.906313760992
3704.6292966561246 3413.5513314812947
1505.1557275189791 3502.9393808169234
3392.147911263011 1385.7094854501668
4269.249378095012 3979.1739241275695
2146.8204041242634 4963.131515222371
4218.123517326982 4686.224502471945
3920.308748788184 1478.185594795801
358.13909112106245 4744.757489291123
612.1975819338849 1348.403715098237
1501.3847381927249 3361.85960892476
1719.6706012438362 1949.7289119413601
153.8743494698913 1980.5246835458306
605.5835156390888 2272.9479769639893
3199.123427942468 3634.4070180840504
2014.6540003019286 1614.4550521398942
787.1910908225293 1884.198730820973
3026.0839732731615 2864.534886070433
2557.1262909760844 1298.087712966805
1103.2122533719114 2506.751999249723
4676.785421449543 626.3780225827098
1191.0024099276234 1265.7673731936925
4261.1467148918955 3616.780835452324
2917.193078237134 1061.3357953768698
1103.733804584806 610.345865198244
3210.3346399392385 45.43197397825105
1230.7113546038788 2924.3401448193486
3496.1847399875883 1219.299325581374
3982.880649227502 3690.8216072914447
2003.633588148095 1091.4326690587595
4673.593278934869 1024.6051919757977
3096.3441072483656 2546.427419459752
2440.3048662290385 1226.290250095804
121.61604430981076 2312.2682382041935
224.72941888011022 4027.845812679126
2444.7708391069173 4751.938543416554
4304.403785872534 3752.925269657678
2393.290670715935 136.53842765004086
2312.595647635182 1106.9341773732572
3649.656416589143 1968.9378221899544
1475.2612555097262 2379.875198952634
1222.678229720095 2439.80144686392
388.3612755660287 3707.767927708106
1739.9798414375423 119.78085740548094
556.3039023860922 889.3864329370277
1413.1675890773708 630.091748868713
1794.2965685409868 2478.524002908669
354.40181333131704 3956.51394280056
4205.249151179606 61.90094842229988
1934.0340653106025 3853.622462011441
4968.368778398455 3302.579827399966
2848.6413404271916 1629.983899131444
4171.75832278778 1059.0495571284757
2527.764893484481 3294.376770100432
4816.9170556643385 3318.135638295352
3372.684647928315 4216.100744763063
4758.27861076518 2310.4804829333552
552.6539986041068 3640.931718719432
2745.984448806865 3329.627299442729
1547.8778494216583 1438.2869499286621
4582.795559458018 4357.850824358673
3012.4067758776077 2277.4526649516533
2292.371331421102 1757.4525055685785
2437.513169498679 789.6540594040363
821.1695942084851 492.52487070334695
1514.3768775871108 1428.7668149689136
2324.7749912579243 1087.2714729500522
2882.2418054052523 112.66310706572524
1382.7226767140771 1579.1379970623077
2434.3465350859346 3913.693022961228
4742.322042871116 824.8051676821772
1965.4167046828563 2505.6164335173153
701.9129339703234 4199.234315147174
980.9031879458247 886.7357193441234
4318.835751574915 620.3138410501214
1598.3456840861643 4766.426072373568
3625.305573543404 4167.579412763835
3775.45020218733 1694.6842989830895
877.3211744110288 2867.685346914866
4187.193460440929 3425.9674526157637
2812.9421093088517 3272.163122292254
2777.4236609510517 4687.76576126871
2066.0126338982564 3805.974253757225
3619.15040198547 992.7437119779387
2071.9806409881203 994.5907834615974
3795.53556250259 253.861335908796
4049.0244665505975 3496.942964337568
4678.090706619482 4363.401355568341
1890.226752983196 2520.3331485886165
1446.4436256503277 1055.9784883826223
233.7768147317404 1915.2609318989678
2142.404842041691 340.2427285455434
1784.088865136516 1104.0121362036093
3502.08356934147 4667.488751048514
3445.255347972865 1202.1680652633609
1154.050461912805 1796.707745846186
132.0274655727982 204.9613502555747
980.3735415544318 3145.565862388723
4623.914542743431 505.0478078468301
2390.665655737024 2744.3389106651307
458.11733914419005 1607.843836169523
908.7300389906467 2134.6694726114674
4176.668895486495 3530.9084693589666
3076.5639389302455 3482.1177142171905
3516.2174342030385 3692.6086306739558
1839.1312968939333 2863.1689380800035
513.3463328230525 1596.703696716425
3750.972102024373 1779.5018767581744
2158.4967566535174 4393.795717134214
34.85313059800043 4398.600879459323
2344.4380505723316 3095.0193486273374
835.1599428272106 1067.4105658658623
1428.3606226124368 658.2131158035514
3268.1139965664374 3712.6692937102994
1831.6860536364381 3519.401211355396
1751.317823013432 585.0794330079611
1132.978674105876 4328.799401359028
3723.07840066639 3090.744119827341
4695.611711170304 4914.1203093416525
3338.8691795363934 1555.6056024048653
4769.870576829207 4752.057578154581
1872.8029654529143 1158.6165529111613
4352.0120965513925 1616.3655894810352
4916.585897228931 2527.837253309767
4529.80425724689 4863.1857088218785
84.27773218705804 1501.8485171017082
2316.2962485934822 1737.5598000720254
304.58950349243065 4438.261611954194
306.21820471047056 2843.7955341655306
1582.4319614370042 1871.2226148032446
2674.1264780223787 1541.4321745367947
3836.935218011335 4445.347886350042
4634.864869053117 877.6823211363217
3057.5556307020684 4145.759888614984
559.8355696435036 4005.4591835365154
2119.7166459237533 3777.8088989966664
672.1965490653325 528.1781222668719
1997.8880543491118 4372.1099166451395
4682.038825198038 4947.69162674342
1807.6146562832434 1064.1119612766315
2407.555359097505 963.3692569215174
455.3671439832568 4066.996462730555
800.230301190366 2562.637620541127
2003.047659046438 2673.977493906639
866.0036073159378 4817.123722577799
1993.5294859698704 1291.0003457775422
736.0325540405299 4464.107954716914
